1638136922.762290,0
1638136922.881655,20
1638136922.985130,20
1638136923.089490,20
1638136923.200802,20
1638136923.303298,20
1638136923.421675,20
1638136923.535175,20
1638136923.644955,19
1638136923.747625,20
1638136923.857676,20
1638136923.960311,20
1638136924.062993,20
1638136924.167246,5
1638136924.269456,8
1638136924.372625,9
1638136924.475024,12
1638136924.578667,13
1638136924.682226,8
1638136924.788268,6
1638136924.892854,11
1638136925.011190,11
1638136925.114073,6
1638136925.218169,13
1638136925.321525,14
1638136925.440551,15
1638136925.544800,14
1638136925.655793,16
1638136925.758288,16
1638136925.860892,17
1638136925.966856,18
1638136926.070785,20
1638136926.173255,20
1638136926.275934,20
1638136926.379538,20
1638136926.483206,13
1638136926.588287,14
1638136926.691165,14
1638136926.793654,15
1638136926.897923,16
1638136927.001051,17
1638136927.104023,17
1638136927.206808,18
1638136927.316304,18
1638136927.424388,19
1638136927.530492,20
1638136927.638218,20
1638136927.742825,20
1638136927.849400,19
1638136927.951881,19
1638136928.056527,11
1638136928.166536,12
1638136928.283404,13
1638136928.386602,13
1638136928.490028,14
1638136928.592701,15
1638136928.695135,15
1638136928.804031,17
1638136928.913215,18
1638136929.025171,18
1638136929.131541,20
1638136929.240746,20
1638136929.359142,10
1638136929.462729,6
1638136929.567346,8
1638136929.671033,10
1638136929.774536,20
1638136929.877736,20
1638136929.980433,3
1638136930.093238,5
1638136930.196650,8
1638136930.303158,8
1638136930.406273,9
1638136930.509768,10
1638136930.616226,11
1638136930.719427,12
1638136930.842006,13
1638136930.946151,16
1638136931.054476,16
1638136931.171364,17
1638136931.291006,16
1638136931.398890,16
1638136931.513107,17
1638136931.616660,18
1638136931.719149,18
1638136931.821708,18
1638136931.924327,5
1638136932.037232,7
1638136932.141609,8
1638136932.245021,9
1638136932.347489,10
1638136932.450023,11
1638136932.552675,12
1638136932.655353,13
1638136932.758049,13
1638136932.861595,14
1638136932.964800,14
1638136933.067959,18
1638136933.170858,18
1638136933.274576,19
1638136933.390241,18
1638136933.500013,20
1638136933.603106,20
1638136933.705966,10
1638136933.811234,6
1638136933.928280,8
1638136934.032264,9
1638136934.135443,10
1638136934.245314,11
1638136934.348475,12
1638136934.451610,12
1638136934.554495,13
1638136934.657087,14
1638136934.759706,14
1638136934.864417,15
1638136934.967046,16
1638136935.070298,16
1638136935.173430,17
1638136935.286918,19
1638136935.406333,18
1638136935.520966,16
1638136935.624021,18
1638136935.727387,18
1638136935.847696,18
1638136935.954092,13
1638136936.058710,13
1638136936.164227,15
1638136936.269181,15
1638136936.375364,14
1638136936.495578,16
1638136936.598306,16
1638136936.701944,17
1638136936.809644,20
1638136936.933150,20
1638136937.036958,20
1638136937.150668,20
1638136937.257235,19
1638136937.362691,11
1638136937.469639,12
1638136937.572440,12
1638136937.678253,13
1638136937.780843,14
1638136937.884336,15
1638136937.986880,15
1638136938.094056,16
1638136938.197526,16
1638136938.304063,17
1638136938.410641,17
1638136938.516802,18
1638136938.619423,20
1638136938.723110,20
1638136938.830480,20
1638136938.933863,20
1638136939.036777,12
1638136939.147728,12
1638136939.250681,13
1638136939.353625,14
1638136939.456853,15
1638136939.561765,14
1638136939.664913,15
1638136939.771413,16
1638136939.874092,17
1638136939.980142,18
1638136940.087347,19
1638136940.190777,19
1638136940.293657,20
1638136940.405521,19
1638136940.511609,9
1638136940.616386,11
1638136940.722892,12
1638136940.825442,13
1638136940.928751,13
1638136941.032149,14
1638136941.134571,15
1638136941.238212,16
1638136941.343110,20
1638136941.447434,16
1638136941.551754,15
1638136941.661839,16
1638136941.776970,19
1638136941.880582,12
1638136941.987165,12
1638136942.093745,13
1638136942.207987,15
1638136942.317293,16
1638136942.420499,17
1638136942.542680,17
1638136942.645386,17
1638136942.748519,17
1638136942.850896,18
1638136942.953841,18
1638136943.067737,20
1638136943.173565,20
1638136943.278422,11
1638136943.389315,11
1638136943.496624,13
1638136943.599902,13
1638136943.703582,14
1638136943.806733,14
1638136943.916998,16
1638136944.038409,17
1638136944.141834,17
1638136944.245086,18
1638136944.355828,19
1638136944.458303,19
1638136944.560901,20
1638136944.663358,20
1638136944.766449,20
1638136944.869661,11
1638136944.972199,12
1638136945.074847,12
1638136945.177598,14
1638136945.280419,15
1638136945.383100,16
1638136945.486651,16
1638136945.589660,17
1638136945.692345,17
1638136945.795230,18
1638136945.898510,19
1638136946.001030,19
1638136946.103956,20
1638136946.206851,20
1638136946.319492,20
1638136946.423737,12
1638136946.531652,12
1638136946.637320,12
1638136946.743296,14
1638136946.845960,16
1638136946.949510,20
1638136947.079201,20
1638136947.183565,11
1638136947.288657,12
1638136947.392621,14
1638136947.496023,11
1638136947.599252,11
1638136947.702072,12
1638136947.805792,13
1638136947.908726,14
1638136948.012048,14
1638136948.114849,15
1638136948.218077,16
1638136948.320670,16
1638136948.423949,18
1638136948.527515,18
1638136948.645545,19
1638136948.748135,20
1638136948.866342,20
1638136948.969525,20
1638136949.074742,10
1638136949.190758,12
1638136949.293704,13
1638136949.396939,14
1638136949.500152,15
1638136949.606160,16
1638136949.708647,16
1638136949.816967,17
1638136949.919794,17
1638136950.022366,18
1638136950.127608,19
1638136950.230231,19
1638136950.333733,20
1638136950.448198,19
1638136950.552495,19
1638136950.655713,7
1638136950.773033,7
1638136950.882395,8
1638136950.987128,9
1638136951.090385,10
1638136951.201633,11
1638136951.318527,13
1638136951.421848,14
1638136951.527926,15
1638136951.648655,15
1638136951.752979,15
1638136951.856374,16
1638136951.958863,17
1638136952.061467,17
1638136952.164547,20
1638136952.267438,19
1638136952.370738,20
1638136952.485629,20
1638136952.595291,19
1638136952.701048,11
1638136952.805609,11
1638136952.911597,12
1638136953.016194,13
1638136953.119230,14
1638136953.223361,15
1638136953.340453,16
1638136953.443483,17
1638136953.545954,20
1638136953.669781,18
1638136953.773335,9
1638136953.876066,11
1638136953.979094,14
1638136954.083944,8
1638136954.188235,9
1638136954.294380,11
1638136954.411620,12
1638136954.514434,13
1638136954.617474,13
1638136954.720468,14
1638136954.823682,15
1638136954.938795,14
1638136955.045402,15
1638136955.158561,16
1638136955.262470,17
1638136955.365436,17
1638136955.471901,18
1638136955.574773,18
1638136955.678738,18
1638136955.791281,7
1638136955.896247,7
1638136955.999541,10
1638136956.103096,11
1638136956.215455,12
1638136956.329778,13
1638136956.435367,14
1638136956.545297,13
1638136956.661232,14
1638136956.763710,14
1638136956.867826,15
1638136956.970451,16
1638136957.073332,16
1638136957.176514,17
1638136957.279079,17
1638136957.381546,18
1638136957.486627,18
1638136957.591171,19
1638136957.695938,18
1638136957.802686,10
1638136957.907178,10
1638136958.010637,12
1638136958.113343,13
1638136958.215998,13
1638136958.318288,14
1638136958.425296,15
1638136958.537119,17
1638136958.654232,18
1638136958.757906,19
1638136958.877237,19
1638136958.980997,19
1638136959.096683,19
1638136959.199893,12
1638136959.303847,14
1638136959.407092,15
1638136959.511143,15
1638136959.614309,18
1638136959.733460,17
1638136959.847452,19
1638136959.967231,9
1638136960.070806,9
1638136960.173612,10
1638136960.276947,11
1638136960.381110,13
1638136960.484410,13
1638136960.589207,14
1638136960.703457,13
1638136960.819533,13
1638136960.925450,14
1638136961.027885,15
1638136961.131964,15
1638136961.234740,16
1638136961.341160,17
1638136961.443943,17
1638136961.546642,18
1638136961.667992,20
1638136961.795205,20
1638136961.899908,20
1638136962.014513,20
1638136962.117890,12
1638136962.222915,12
1638136962.340203,13
1638136962.443191,13
1638136962.547418,13
1638136962.655559,15
1638136962.759646,15
1638136962.862235,16
1638136962.964777,17
1638136963.067291,17
1638136963.170744,18
1638136963.274149,17
1638136963.379959,19
1638136963.483350,18
1638136963.604863,20
1638136963.710059,20
1638136963.812993,20
1638136963.915829,20
1638136964.023486,20
1638136964.127313,11
1638136964.230106,9
1638136964.344398,9
1638136964.455773,9
1638136964.564424,10
1638136964.666994,11
1638136964.772662,12
1638136964.876931,13
1638136964.980629,14
1638136965.083345,20
1638136965.186150,20
1638136965.289525,10
1638136965.392252,12
1638136965.496725,14
1638136965.601366,14
1638136965.717408,10
1638136965.821861,12
1638136965.930742,13
1638136966.045584,14
1638136966.162332,16
1638136966.272860,16
1638136966.383877,17
1638136966.488830,17
1638136966.619157,17
1638136966.734657,17
1638136966.838313,17
1638136966.941867,18
1638136967.054625,19
1638136967.172839,20
1638136967.279649,20
1638136967.383211,20
1638136967.485977,20
1638136967.588416,12
1638136967.691357,13
1638136967.797793,13
1638136967.902796,14
1638136968.011006,15
1638136968.115765,14
1638136968.219728,16
1638136968.322672,17
1638136968.426331,17
1638136968.529691,18
1638136968.646583,19
1638136968.750810,19
1638136968.855296,19
1638136968.962837,20
1638136969.067386,10
1638136969.171259,11
1638136969.278525,13
1638136969.381930,14
1638136969.485731,15
1638136969.591073,15
1638136969.694749,14
1638136969.798441,16
1638136969.901200,16
1638136970.004782,17
1638136970.109152,18
1638136970.212776,18
1638136970.317062,19
1638136970.422630,18
1638136970.526874,19
1638136970.630016,20
1638136970.735022,19
1638136970.839836,20
1638136970.943841,12
1638136971.065408,9
1638136971.169373,9
1638136971.282420,11
1638136971.386525,12
1638136971.489610,13
1638136971.593867,14
1638136971.697755,11
1638136971.801940,11
1638136971.907818,12
1638136972.011463,13
1638136972.115416,14
1638136972.218948,14
1638136972.329460,16
1638136972.435444,16
1638136972.543887,17
1638136972.668402,18
1638136972.783459,17
1638136972.890309,17
1638136972.996219,17
1638136973.103073,18
1638136973.216239,18
1638136973.321352,18
1638136973.424951,10
1638136973.527403,8
1638136973.636285,9
1638136973.739473,10
1638136973.842712,11
1638136973.965227,11
1638136974.068958,11
1638136974.173814,12
1638136974.280744,13
1638136974.400938,15
1638136974.507693,15
1638136974.611284,16
1638136974.714157,17
1638136974.816762,17
1638136974.921584,17
1638136975.043587,18
1638136975.146492,19
1638136975.250947,20
1638136975.353418,20
1638136975.456846,20
1638136975.570585,12
1638136975.674198,13
1638136975.777188,13
1638136975.880657,14
1638136975.985225,15
1638136976.087628,15
1638136976.194524,16
1638136976.301591,17
1638136976.414382,18
1638136976.517736,19
1638136976.629378,19
1638136976.732376,18
1638136976.838402,15
1638136976.949313,14
1638136977.057675,14
1638136977.160968,17
1638136977.266557,16
1638136977.376267,18
1638136977.496277,16
1638136977.599541,15
1638136977.711608,15
1638136977.816550,17
1638136977.919201,17
1638136978.021887,17
1638136978.134118,18
1638136978.239434,18
1638136978.342953,19
1638136978.450194,19
1638136978.558511,20
1638136978.664536,20
1638136978.768943,19
1638136978.872452,12
1638136978.986303,12
1638136979.088826,13
1638136979.191806,14
1638136979.295192,15
1638136979.404930,15
1638136979.514202,16
1638136979.617807,17
1638136979.720961,16
1638136979.831915,17
1638136979.938315,17
1638136980.053809,19
1638136980.157206,19
1638136980.260781,20
1638136980.363313,12
1638136980.466246,12
1638136980.571599,13
1638136980.686928,14
1638136980.799866,15
1638136980.903724,16
1638136981.006468,16
1638136981.119306,17
1638136981.236052,18
1638136981.345651,18
1638136981.452665,17
1638136981.555952,19
1638136981.671198,20
1638136981.782016,20
1638136981.887581,20
1638136981.989953,20
1638136982.092907,13
1638136982.198502,14
1638136982.302068,14
1638136982.405263,15
1638136982.523726,16
1638136982.627906,14
1638136982.733248,15
1638136982.836629,15
1638136982.939251,18
1638136983.043603,17
1638136983.146595,13
1638136983.250774,13
1638136983.353249,14
1638136983.456409,15
1638136983.563902,17
1638136983.667826,12
1638136983.773976,13
1638136983.876958,14
1638136983.979283,0
1638136984.082505,0
1638136984.185845,0
1638136984.288897,0
1638136984.392752,0
1638136984.511615,0
1638136984.616609,0
1638136984.731135,0
1638136984.833760,0
1638136984.938043,0
1638136985.042151,0
1638136985.145192,0
1638136985.249040,0
1638136985.364316,0
1638136985.471175,0
1638136985.576489,0
1638136985.734721,0
1638136985.839279,0
1638136985.954233,0
1638136986.057072,0
1638136986.160382,0
1638136986.263308,0
1638136986.366198,0
1638136986.471466,0
1638136986.576979,0
1638136986.681235,0
1638136986.784271,0
1638136986.892636,0
1638136986.997338,0
1638136987.102216,0
1638136987.206283,0
1638136987.310429,0
1638136987.414219,0
1638136987.516816,0
1638136987.619192,0
1638136987.722250,0
1638136987.825244,0
1638136987.929925,0
1638136988.038539,0
1638136988.151919,0
1638136988.262723,0
1638136988.366262,0
1638136988.471528,0
1638136988.575355,0
1638136988.697689,0
1638136988.800922,0
1638136988.910969,0
